
Model3: [0.12857203 0.17571658 0.21388899 0.24516   ]
Model3: [0.14037122 0.20149094 0.25016856 0.28973618]
Model3: [0.12750742 0.17245658 0.20680638 0.23420365]

n bikoitza
Model3: [0.22162583 0.36895463 0.49348047 0.59947747]
Model3: [0.16078733 0.2336576  0.30919862 0.37257227]

n erdie
Model3: [0.16856278 0.25776124 0.33100179 0.39247069]
Model3: [0.14657259 0.19602674 0.24887125 0.28979275]

100 epoch
Model3: [0.69248539 1.22099924 1.67962742 2.11790276]
Model3: [0.64704156 1.17950535 1.67931044 2.18377542]

400 epoch
Model3: [0.19144778 0.31757963 0.44192901 0.56432557]
Model3: [0.18604866 0.26714787 0.3461298  0.40323216]

Model3: [0.19273773 0.30608648 0.39484569 0.46562555]
Model3: [0.16192186 0.24008703 0.31654486 0.37866548]

Model3: [0.18762358 0.29452908 0.37741885 0.44399008]
Model3: [0.14738892 0.20715083 0.27066982 0.32324591]

Model3: [0.17759055 0.27778399 0.35694849 0.42054689]
Model3: [0.14570257 0.1996976  0.25805143 0.30481806]

Model3: [0.18647407 0.29278225 0.37486765 0.4404439 ]
Model3: [0.1507103  0.21379353 0.27795935 0.33064151]

Model3: [0.17019525 0.25754079 0.32580337 0.38116693]
Model3: [0.13958195 0.18683116 0.24544968 0.29505235]

Model3: [0.20834954 0.33282179 0.4291769  0.50429392]
Model3: [0.17154291 0.25094861 0.32695913 0.38679576]

Model3: [0.20639762 0.33584413 0.43920976 0.52274233]
Model3: [0.17616494 0.26969898 0.35927844 0.4324488 ]

Model3: [0.18706314 0.29390699 0.37966946 0.45017764]
Model3: [0.16362873 0.21932255 0.26678687 0.30288956]

Model3: [0.21206167 0.34103364 0.43928897 0.51576954]
Model3: [0.1682477  0.23468167 0.28634232 0.32377571]

Model3: [0.1358552  0.21533692 0.28020629 0.33815369]
Model3: [0.1210676  0.19277442 0.24658372 0.29765385]

Model3: [0.14807916 0.21341442 0.26577473 0.30874303]
Model3: [0.12607415 0.14459442 0.17379822 0.19382621]

Model3: [0.15354323 0.22567476 0.28078267 0.32467127]
Model3: [0.14035213 0.1759049  0.21077137 0.23298384]

Model3: [0.15316834 0.22616644 0.28402165 0.33038762]
Model3: [0.12747219 0.14872843 0.17904472 0.19951724]

Model3: [0.1810984  0.28227082 0.3608655  0.42303967]
Model3: [0.15009867 0.18948247 0.21931314 0.23748302]

Model3: [0.18287468 0.28195581 0.36029074 0.42290097]
Model3: [0.15932848 0.19657597 0.23087071 0.25418061]

Model3: [0.16328743 0.2510834  0.32152548 0.37857249]
Model3: [0.14600794 0.1798635  0.2022687  0.21251713]
