
Model3: [0.12100252 0.18646605 0.23843451 0.28365541]
Model3: [0.13735986 0.2044313  0.25447106 0.29757452]

Model3: [0.12472942 0.19973224 0.2662259  0.33086422]
Model3: [0.13798811 0.21049328 0.27065489 0.3296445 ]

Model3: [0.13407131 0.21601544 0.28439125 0.34507138]
Model3: [0.14969808 0.23146579 0.29484248 0.34739619]

Model3: [0.13425304 0.22234392 0.30298257 0.38155162]
Model3: [0.14852013 0.25754473 0.35186568 0.4431783 ]

Model3: [0.16034174 0.26876557 0.36335936 0.45077437]
Model3: [0.13303731 0.22010042 0.29165471 0.36062086]

Model3: [0.13080899 0.21234597 0.28450081 0.35319084]
Model3: [0.14604418 0.24999508 0.33661497 0.41742182]

Model3: [0.13463421 0.21947525 0.29274315 0.35928705]
Model3: [0.15823671 0.27525115 0.37222987 0.45836407]

Model3: [0.12848072 0.20183037 0.26133186 0.31458101]
Model3: [0.13127579 0.21426454 0.27724081 0.33446607]

Model3: [0.13191156 0.21401154 0.28627852 0.35452831]
Model3: [0.14556016 0.24806479 0.33279756 0.41131863]

Model3: [0.13357645 0.21562    0.28687909 0.35422593]
Model3: [0.13796718 0.23132566 0.3076643  0.38001135]

Model3: [0.12921809 0.2072891  0.27550179 0.34085107]
Model3: [0.1293543  0.21366748 0.28225553 0.34941283]

Model3: [0.13042183 0.21131507 0.28334036 0.35207   ]
Model3: [0.13978709 0.23704956 0.31866598 0.3965207 ]

Model3: [0.15100183 0.25733426 0.3520543  0.43877822]
Model3: [0.18510219 0.33083215 0.45316249 0.5589869 ]

Model3: [0.1482344  0.24338923 0.32517025 0.40035871]
Model3: [0.15985925 0.25601715 0.33801118 0.4157176 ]

Model3: [0.13068208 0.21285984 0.28762534 0.36108348]
Model3: [0.14066124 0.21276334 0.27502832 0.34089047]

Model3: [0.12606846 0.19818912 0.25830236 0.31355491]
Model3: [0.1394525  0.21073739 0.26740518 0.32087556]

Model3: [0.14117143 0.23487699 0.3200306  0.40262896]
Model3: [0.14930892 0.23552138 0.31156182 0.38829577]

Model3: [0.13113363 0.21115997 0.28127941 0.3480745 ]
Model3: [0.1388212  0.23387645 0.31241611 0.38701448]

Model3: [0.12241915 0.1911426  0.24809992 0.30027425]
Model3: [0.13009799 0.2160994  0.28474551 0.34923664]

Model3: [0.15642588 0.27141571 0.37626484 0.47416073]
Model3: [0.17286785 0.28631631 0.38584387 0.47847459]

Model3: [0.12388596 0.19127712 0.24437743 0.29126167]
Model3: [0.13596268 0.19979744 0.2477662  0.29214352]
