
Model3: [0.24367848 0.29486948 0.34293577 0.3879059 ]
Model3: [0.05097353 0.07690536 0.10136148 0.12367383]

Model3: [0.24355344 0.29432556 0.34199312 0.38646597]
Model3: [0.05120753 0.0771554  0.10121248 0.12380229]

Model3: [0.2435642  0.2946007  0.34258935 0.3871581 ]
Model3: [0.05120275 0.07726787 0.10186352 0.12434212]

Model3: [0.24344982 0.2944853  0.34235215 0.3863624 ]
Model3: [0.05077995 0.07657774 0.10073048 0.12357236]

Model3: [0.24342391 0.29430994 0.34205818 0.38652003]
Model3: [0.05120927 0.07745701 0.10181919 0.12490709]
