
Model3: [0.19620755 0.27719244 0.32383549 0.35679209]
Model3: [0.16114253 0.23997012 0.29514194 0.34274483]


Model3: [0.20270371 0.33324927 0.44848564 0.55618078]
Model3: [0.15981813 0.2634297  0.35171139 0.43364766]


Model3: [0.18953066 0.25834242 0.29135522 0.31054652]
Model3: [0.13933371 0.18594378 0.20296477 0.21205965]

Model3: [0.12958032 0.20069465 0.25776392 0.31011581]
Model3: [0.15358877 0.23723464 0.295688   0.35119987]

Model3: [0.18842934 0.31881335 0.42828125 0.52600282]
Model3: [0.27194381 0.46423203 0.61295754 0.73850769]

Model3: [0.21855702 0.38189268 0.52312666 0.65011084]
Model3: [0.30356759 0.52908665 0.71254808 0.87177289]
