
Model3: [0.10704036 0.17219189 0.22926249 0.28099334]
Model3: [0.06302785 0.10720845 0.14878482 0.18902583]

Model3: [0.16323389 0.2848964  0.39224267 0.4900623 ]
Model3: [0.13667648 0.25701001 0.3689976  0.47619876]

Model3: [0.11231714 0.18078566 0.23942542 0.29178679]
Model3: [0.05842989 0.09635863 0.13068119 0.16416721]

Model3: [0.23455107 0.36474434 0.45863405 0.53361505]
Model3: [0.16643851 0.29065949 0.39099362 0.47807992]

Model3: [0.20063926 0.30653894 0.37954721 0.43545765]
Model3: [0.13001335 0.21343324 0.28451699 0.35044536]
