
Model3: [0.11633755 0.14205438 0.16471879 0.1810506 ]
Model3: [0.11952366 0.14925453 0.17576265 0.19512708]
Model3: [0.11934355 0.14921114 0.17602699 0.19545676]
Model3: [0.11560394 0.14146121 0.16369954 0.18035501]
Model3: [0.13376054 0.14545095 0.18368718 0.19608341]

Model3: [0.1169642  0.14451219 0.16936095 0.1878366 ]
Model3: [0.13470942 0.14620697 0.18475774 0.19741105]

Model3: [0.11657873 0.14303131 0.16763647 0.18570305]
Model3: [0.13580042 0.14651628 0.18527099 0.19707778]

Model3: [0.11716361 0.14260292 0.16751024 0.1856005 ]
Model3: [0.13492811 0.14479376 0.18488038 0.19867641]

Model3: [0.11652075 0.14337072 0.16836147 0.18685827]
Model3: [0.13529994 0.14683071 0.18600978 0.19896802]

Model3: [0.11800185 0.14811184 0.17370038 0.191991  ]
Model3: [0.14868037 0.185766   0.21186182 0.22667886]

Model3: [0.11970092 0.15038136 0.17690061 0.19604148]
Model3: [0.15202582 0.19069526 0.21944951 0.23623617]

Model3: [0.1159475  0.17362538 0.22132806 0.26505384]
Model3: [0.11455254 0.17816919 0.22354273 0.26999271]

Model3: [0.11778294 0.14603896 0.17075604 0.18879361]
Model3: [0.13750868 0.15218972 0.19387861 0.20716023]

Model3: [0.1159912  0.14028557 0.16237903 0.17886019]
Model3: [0.134284   0.14410524 0.18185616 0.19393818]

Model3: [0.11740251 0.14605051 0.17214079 0.19077905]
Model3: [0.13639848 0.15061507 0.19035609 0.20316155]

Model3: [0.11714154 0.14258924 0.1656545  0.1822675 ]
Model3: [0.13594094 0.1466728  0.1852442  0.19676563]

Model3: [0.11591452 0.1440535  0.16805892 0.18579006]
Model3: [0.14249748 0.17356706 0.19419736 0.20513964]

Model3: [0.11648379 0.14113489 0.16399239 0.18135066]
Model3: [0.14294969 0.16876641 0.18921065 0.20079917]
