
Model3: [0.08059596 0.11957307 0.15292862 0.18361965]
Model3: [0.05041261 0.07479975 0.097493   0.11983551]

Model3: [0.08061813 0.1195072  0.15215741 0.18228732]
Model3: [0.0505286  0.07399235 0.0957422  0.11768683]

Model3: [0.08007678 0.11833169 0.15072219 0.18089947]
Model3: [0.05021483 0.07387249 0.09588074 0.11770781]

Model3: [0.08032585 0.1187432  0.15102239 0.18090478]
Model3: [0.05020936 0.07368172 0.09541807 0.11709598]

Model3: [0.07985426 0.11789083 0.14985143 0.17922018]
Model3: [0.09402669 0.14939475 0.1963329  0.24629222]
