
Model3: [0.11596978 0.17346683 0.22177507 0.26542979]
Model3: [0.1376777  0.19167857 0.23661822 0.27667424]

Model3: [0.11706541 0.17529075 0.22378734 0.26694244]
Model3: [0.14088391 0.19853996 0.24514598 0.28468668]

Model3: [0.11516671 0.17396258 0.22143461 0.26331329]
Model3: [0.12747844 0.18302099 0.22474134 0.26261368]

Model3: [0.11587185 0.1735651  0.22144511 0.26482674]
Model3: [0.11245548 0.17475875 0.21945588 0.26477867]

Model3: [0.11440066 0.16921173 0.21468356 0.25596067]
Model3: [0.11317796 0.17587934 0.22144973 0.26601484]

Model3: [0.11557424 0.17100354 0.21676725 0.25866345]
Model3: [0.11483832 0.17787988 0.22406217 0.27000397]

Model3: [0.11618659 0.17329602 0.22034597 0.2630471 ]
Model3: [0.11144585 0.17183779 0.2151114  0.25881791]

Model3: [0.1152943  0.17282297 0.2202981  0.26275811]
Model3: [0.11201617 0.1754833  0.22154769 0.26757693]

Model3: [0.11572417 0.17305417 0.22019374 0.26259154]
Model3: [0.11169617 0.17314479 0.21730335 0.2618387 ]

Model3: [0.11639756 0.1742866  0.22165656 0.26438892]
Model3: [0.11354455 0.17742972 0.22370833 0.27004996]

Model3: [0.11433077 0.17033117 0.216493   0.257956  ]
Model3: [0.11196522 0.17560133 0.2224085  0.26810637]

Model3: [0.11616922 0.17426375 0.22104365 0.26338306]
Model3: [0.11259109 0.17540075 0.21974331 0.26532495]

Model3: [0.11544832 0.17383175 0.22198352 0.26511478]
Model3: [0.11258646 0.1757043  0.2208641  0.26686093]

Model3: [0.11612058 0.17290485 0.22066303 0.2645058 ]
Model3: [0.11008606 0.16879699 0.20993431 0.25273585]

Model3: [0.11568444 0.17215374 0.21834072 0.25992155]
Model3: [0.11200052 0.17487973 0.22100078 0.26668736]

Model3: [0.11595174 0.17372461 0.22217421 0.26546204]
Model3: [0.11527614 0.18135364 0.23039199 0.27873236]

Model3: [0.11509535 0.17275098 0.22021386 0.26279667]
Model3: [0.13023019 0.18234001 0.22378291 0.26238737]

Model3: [0.11542188 0.17332414 0.22093478 0.26346949]
Model3: [0.13084202 0.18419242 0.22680835 0.26762795]

Model3: [0.11601158 0.1741942  0.2210034  0.2627871 ]
Model3: [0.11261985 0.17534114 0.22002517 0.26540992]

Model3: [0.11531956 0.17251895 0.21881573 0.26046872]
Model3: [0.11265544 0.17374507 0.21679603 0.26115552]

Model3: [0.11566534 0.17272656 0.22017667 0.26330563]
Model3: [0.13338372 0.18255296 0.2224734  0.26127806]

Model3: [0.11551857 0.17243616 0.2190565  0.261233  ]
Model3: [0.1315984  0.18219846 0.22166815 0.26131561]
